DATETIME, SUN-ELEVATION, SUN-AZIMUTH, SUN-RAA, SUN-DEC, V-EL, V-AZ, GIRI-EL, GIRI-AZ
2024-05-28 07:55:49.442315+00:00, 41.48361008365384, 103.29573329688279, 65.3342, 20.5195, 20000000, 20000000, 3109, 3142
2024-05-28 07:56:00.211720+00:00, 40.48573310931274, 102.06621744446596, 66.8342, 20.5195, 1252615, 1538928, 3144, 3099
2024-05-28 07:56:20.225296+00:00, 40.566836605911405, 102.10252786363313, 66.8342, 20.5545, 20000000, 20000000, 3141, 3101
2024-05-28 07:56:30.248825+00:00, 41.62383252602377, 103.40760474018815, 65.3342, 20.5545, 1324193, 1610506, 3104, 3146
2024-05-28 07:56:50.277031+00:00, 41.704810844871915, 103.44517856683595, 65.3342, 20.5895, 20000000, 20000000, 3101, 3148
2024-05-28 07:57:00.306348+00:00, 40.70539877379232, 102.20928773874049, 66.8342, 20.5895, 1252615, 1574717, 3136, 3104
2024-05-28 07:57:20.320684+00:00, 40.78647581019434, 102.24569697125362, 66.8342, 20.6245, 20000000, 20000000, 3133, 3106
2024-05-28 07:57:30.352194+00:00, 41.842881775436545, 103.5547727586814, 65.3342, 20.6245, 1324193, 1610506, 3096, 3151
2024-05-28 07:57:50.380727+00:00, 41.92382945505943, 103.5924620309042, 65.3342, 20.6595, 20000000, 20000000, 3094, 3153
2024-05-28 07:58:00.409440+00:00, 40.92500011491489, 102.35278797159508, 66.8342, 20.6595, 1252615, 1574717, 3129, 3109
2024-05-28 07:58:20.437837+00:00, 41.00608849229479, 102.38934469654384, 66.8342, 20.6945, 20000000, 20000000, 3126, 3111
2024-05-28 07:58:30.469641+00:00, 42.06187226366961, 103.70244797690523, 65.3342, 20.6945, 1324193, 1646295, 3089, 3157
2024-05-28 07:58:50.498632+00:00, 42.142789211256755, 103.74025546372182, 65.3342, 20.7295, 20000000, 20000000, 3086, 3158
2024-05-28 07:59:00.528704+00:00, 41.1445581840159, 102.49675187918726, 66.8342, 20.7295, 1252615, 1574717, 3121, 3114
2024-05-28 07:59:20.556704+00:00, 41.22561624937864, 102.53340710054881, 66.8342, 20.7645, 20000000, 20000000, 3118, 3116
2024-05-28 07:59:30.584571+00:00, 42.28075527397303, 103.85057839023523, 65.3342, 20.7645, 1324193, 1646295, 3081, 3162
2024-05-28 07:59:50.614737+00:00, 42.36164300083681, 103.88850906711515, 65.3342, 20.799500000000002, 20000000, 20000000, 3078, 3163
2024-05-28 08:00:00.642749+00:00, 41.36401079200978, 102.64111052322765, 66.8342, 20.799500000000002, 1252615, 1574717, 3113, 3119
2024-05-28 08:00:20.670924+00:00, 41.44503992825218, 102.67786805746988, 66.8342, 20.834500000000002, 20000000, 20000000, 3110, 3121
2024-05-28 08:00:30.699144+00:00, 42.49953536379771, 103.99917962127314, 65.3342, 20.834500000000002, 1324193, 1646295, 3073, 3167
2024-05-28 08:00:50.727754+00:00, 42.58038546970734, 104.037226171929, 65.3342, 20.869500000000002, 20000000, 20000000, 3071, 3168
2024-05-28 08:01:00.755478+00:00, 41.58336814594863, 102.78588405599159, 66.8342, 20.869500000000002, 1252615, 1574717, 3106, 3124
2024-05-28 08:01:20.784089+00:00, 41.664368841533914, 102.8227466772533, 66.8342, 20.904500000000002, 20000000, 20000000, 3103, 3126
2024-05-28 08:01:30.817267+00:00, 42.71822179193925, 104.14827423621844, 65.3342, 20.904500000000002, 1324193, 1646295, 3066, 3172
2024-05-28 08:01:50.844770+00:00, 42.79903474957257, 104.18644115429116, 65.3342, 20.939500000000002, 20000000, 20000000, 3063, 3174
2024-05-28 08:02:00.876105+00:00, 41.80265558447991, 102.93111183485094, 66.8342, 20.939500000000002, 1252615, 1574717, 3098, 3130
2024-05-28 08:02:20.903861+00:00, 41.88362388922659, 102.96807685303692, 66.8342, 20.974500000000003, 20000000, 20000000, 3095, 3131
2024-05-28 08:02:30.935316+00:00, 42.9368020072209, 104.29785822563674, 65.3342, 20.974500000000003, 1324193, 1646295, 3058, 3177
2024-05-28 08:02:50.963157+00:00, 43.01758081993118, 104.33615415738869, 65.3342, 21.009500000000003, 20000000, 20000000, 3055, 3179
2024-05-28 08:03:00.993617+00:00, 42.021840652722716, 103.07676139825939, 66.8342, 21.009500000000003, 1252615, 1574717, 3090, 3135
2024-05-28 08:03:21.022371+00:00, 42.10278159462086, 103.11383733413705, 66.8342, 21.044500000000003, 20000000, 20000000, 3087, 3136
2024-05-28 08:03:31.053039+00:00, 43.15527235665892, 104.44794099690841, 65.3342, 21.044500000000003, 1324193, 1682084, 3050, 3183
2024-05-28 08:03:51.080889+00:00, 43.23601444445987, 104.48636905684938, 65.3342, 21.0795, 20000000, 20000000, 3048, 3184
2024-05-28 08:04:01.111353+00:00, 42.240931889115124, 103.2228513938161, 66.8342, 21.0795, 1216826, 1574717, 3082, 3140
2024-05-28 08:04:21.139244+00:00, 42.32183988985174, 103.26003354192058, 66.8342, 21.1145, 20000000, 20000000, 3080, 3141
2024-05-28 08:04:31.166902+00:00, 43.373618580633085, 104.59852214695873, 65.3342, 21.1145, 1324193, 1682084, 3043, 3188
2024-05-28 08:04:51.195283+00:00, 43.45432268777308, 104.63709041785813, 65.3342, 21.1495, 20000000, 20000000, 3040, 3189
2024-05-28 08:05:01.224879+00:00, 42.45991563945119, 103.3693727586043, 66.8342, 21.1495, 1252615, 1574717, 3075, 3145
2024-05-28 08:05:21.253442+00:00, 42.54079480429727, 103.40666860467003, 66.8342, 21.1845, 20000000, 20000000, 3072, 3146
2024-05-28 08:05:31.280899+00:00, 43.59184507510943, 104.74963356291892, 65.3342, 21.1845, 1324193, 1682084, 3035, 3193
2024-05-28 08:05:51.309406+00:00, 43.67250484169312, 104.78835103407566, 65.3342, 21.2195, 20000000, 20000000, 3032, 3195
2024-05-28 08:06:01.342265+00:00, 42.6788138810989, 103.51636148184768, 66.8342, 21.2195, 1252615, 1610506, 3067, 3150
2024-05-28 08:06:21.371124+00:00, 42.75966285389014, 103.55377172307914, 66.8342, 21.2545, 20000000, 20000000, 3064, 3151
2024-05-28 08:06:31.403458+00:00, 43.8099623590913, 104.90133509408447, 65.3342, 21.2545, 1288404, 1717873, 3028, 3199
2024-05-28 08:06:51.431148+00:00, 43.89056325187233, 104.94022076306433, 65.3342, 21.2895, 20000000, 20000000, 3025, 3200
2024-05-28 08:07:01.462762+00:00, 42.89762340942822, 103.66382209871203, 66.8342, 21.2895, 1216826, 1610506, 3059, 3155
2024-05-28 08:07:21.491305+00:00, 42.97844015628079, 103.70134659773252, 66.8342, 21.3245, 20000000, 20000000, 3057, 3157
2024-05-28 08:07:31.523969+00:00, 44.027908529422426, 105.053650622174, 65.3342, 21.3245, 1324193, 1682084, 3020, 3204
2024-05-28 08:07:51.552239+00:00, 44.108419273351366, 105.09277735073282, 65.3342, 21.3595, 20000000, 20000000, 3017, 3205
2024-05-28 08:08:01.584586+00:00, 43.116338058216215, 103.81175546532795, 66.8342, 21.3595, 1252615, 1610506, 3052, 3160
2024-05-28 08:08:21.613031+00:00, 43.197122901300176, 103.84939711099445, 66.8342, 21.3945, 20000000, 20000000, 3049, 3162
2024-05-28 08:08:31.642801+00:00, 44.24557847547181, 105.20679639614626, 65.3342, 21.3945, 1324193, 1682084, 3012, 3209
2024-05-28 08:08:51.670925+00:00, 44.32608185445678, 105.24609476402105, 65.3342, 21.4295, 20000000, 20000000, 3009, 3211
2024-05-28 08:09:01.701595+00:00, 43.334939260138256, 103.96014657963579, 66.8342, 21.4295, 1252615, 1610506, 3044, 3166
2024-05-28 08:09:21.730537+00:00, 43.4156935857353, 103.9979096555224, 66.8342, 21.4645, 20000000, 20000000, 3041, 3167
2024-05-28 08:09:31.759484+00:00, 44.463813626665534, 105.35949088298389, 65.3342, 21.4645, 1288404, 1717873, 3005, 3215
2024-05-28 08:09:51.787442+00:00, 44.544838193378396, 105.39800654725204, 65.3342, 21.4995, 20000000, 20000000, 3002, 3216
2024-05-28 08:10:01.818480+00:00, 43.55343924906955, 104.10901987759941, 66.8342, 21.4995, 1216826, 1610506, 3036, 3171
2024-05-28 08:10:21.846480+00:00, 43.63415865075467, 104.1469012901103, 66.8342, 21.5345, 20000000, 20000000, 3034, 3172
2024-05-28 08:10:31.875664+00:00, 44.68249286289744, 105.51180257663869, 65.3342, 21.5345, 1324193, 1717873, 2997, 3220
2024-05-28 08:10:51.904466+00:00, 44.7634848802571, 105.55045891919629, 65.3342, 21.5695, 20000000, 20000000, 2994, 3221
2024-05-28 08:11:01.936010+00:00, 43.7718390650816, 104.25838573504652, 66.8342, 21.5695, 1252615, 1610506, 3029, 3176
2024-05-28 08:11:21.964019+00:00, 43.85252592084804, 104.29639115140971, 66.8342, 21.6045, 20000000, 20000000, 3026, 3177
2024-05-28 08:11:31.994995+00:00, 44.900483146133084, 105.665431166838, 65.3342, 21.6045, 1324193, 1717873, 2989, 3225
2024-05-28 08:11:52.023856+00:00, 44.98073217591148, 105.70520574754961, 65.3342, 21.6395, 20000000, 20000000, 2986, 3227
2024-05-28 08:12:02.051731+00:00, 43.99013057536391, 104.40824280319283, 66.8342, 21.6395, 1252615, 1646295, 3021, 3181
2024-05-28 08:12:22.079820+00:00, 44.07078475518759, 104.44637470208451, 66.8342, 21.674500000000002, 20000000, 20000000, 3018, 3183
2024-05-28 08:12:32.107439+00:00, 45.11760721040428, 105.82067542932406, 65.3342, 21.674500000000002, 1288404, 1717873, 2982, 3231
2024-05-28 08:12:52.135399+00:00, 45.19796451389647, 105.8604313725868, 65.3342, 21.709500000000002, 20000000, 20000000, 2979, 3232
2024-05-28 08:13:02.166878+00:00, 44.208316107022156, 104.55860334652672, 66.8342, 21.709500000000002, 1252615, 1610506, 3014, 3187
2024-05-28 08:13:22.194538+00:00, 44.28893582973571, 104.5968620973606, 66.8342, 21.744500000000002, 20000000, 20000000, 3011, 3188
2024-05-28 08:13:32.222535+00:00, 45.33484450209835, 105.97625088929215, 65.3342, 21.744500000000002, 1324193, 1717873, 2974, 3236
2024-05-28 08:13:52.250409+00:00, 45.41520896483253, 106.01610315410586, 65.3342, 21.779500000000002, 20000000, 20000000, 2971, 3238
2024-05-28 08:14:02.279541+00:00, 44.426389049425445, 104.70946813471228, 66.8342, 21.779500000000002, 1252615, 1646295, 3006, 3192
2024-05-28 08:14:22.307821+00:00, 44.50697694765358, 104.74785989201393, 66.8342, 21.814500000000002, 20000000, 20000000, 3003, 3193
2024-05-28 08:14:32.335459+00:00, 45.552030137431004, 106.13231109876533, 65.3342, 21.814500000000002, 1324193, 1753662, 2966, 3242
2024-05-28 08:14:52.363879+00:00, 45.63237829110541, 106.17229394101626, 65.3342, 21.849500000000003, 20000000, 20000000, 2964, 3243
2024-05-28 08:15:02.393897+00:00, 44.644360030100394, 104.86086059402302, 66.8342, 21.849500000000003, 1216826, 1646295, 2998, 3197
2024-05-28 08:15:22.422501+00:00, 44.724914917640234, 104.89938658933796, 66.8342, 21.884500000000003, 20000000, 20000000, 2995, 3199
2024-05-28 08:15:32.440478+00:00, 45.769107526636574, 106.28888977516758, 65.3342, 21.884500000000003, 1288404, 1717873, 2959, 3247
2024-05-28 08:15:52.469477+00:00, 45.849430183166, 106.32901698628565, 65.3342, 21.919500000000003, 20000000, 20000000, 2956, 3249
2024-05-28 08:16:02.500677+00:00, 44.86220158514333, 105.0127542695414, 66.8342, 21.919500000000003, 1252615, 1682084, 2991, 3202
2024-05-28 08:16:22.528954+00:00, 44.94272127664138, 105.05141439050675, 66.8342, 21.9545, 20000000, 20000000, 2988, 3204
2024-05-28 08:16:32.542127+00:00, 45.986073446341486, 106.44603149472599, 65.3342, 21.9545, 1324193, 1753662, 2951, 3253
2024-05-28 08:16:52.570552+00:00, 46.06636303200526, 106.48630641132881, 65.3342, 21.9895, 20000000, 20000000, 2948, 3254
2024-05-28 08:17:02.583635+00:00, 45.07986658909057, 105.16509618376193, 66.8342, 21.9895, 1252615, 1646295, 2983, 3208
2024-05-28 08:17:22.611969+00:00, 45.16035183767685, 105.20389414078579, 66.8342, 22.0245, 20000000, 20000000, 2980, 3209
2024-05-28 08:17:32.643471+00:00, 46.202928452042926, 106.60376587492719, 65.3342, 22.0245, 1288404, 1753662, 2944, 3258
2024-05-28 08:17:52.674634+00:00, 46.28319187109828, 106.64420664322284, 65.3342, 22.0595, 20000000, 20000000, 2941, 3260
2024-05-28 08:18:02.703312+00:00, 45.297525014201284, 105.31812137840613, 66.8342, 22.0595, 1216826, 1682084, 2975, 3213
2024-05-28 08:18:22.730966+00:00, 45.377973372977415, 105.35705695962008, 66.8342, 22.0945, 20000000, 20000000, 2973, 3215
2024-05-28 08:18:32.759762+00:00, 46.4197104688153, 106.76216593010383, 65.3342, 22.0945, 1324193, 1753662, 2936, 3264
2024-05-28 08:18:52.787951+00:00, 46.49993016905613, 106.80275489566118, 65.3342, 22.1295, 20000000, 20000000, 2933, 3265
2024-05-28 08:19:02.821490+00:00, 45.51506748004576, 105.47169553741243, 66.8342, 22.1295, 1252615, 1646295, 2968, 3219
2024-05-28 08:19:22.850281+00:00, 45.59548373720234, 105.51077803573132, 66.8342, 22.1645, 20000000, 20000000, 2965, 3220
2024-05-28 08:19:32.880438+00:00, 46.636386420554516, 106.92120360291422, 65.3342, 22.1645, 1324193, 1753662, 2928, 3269
2024-05-28 08:19:52.908269+00:00, 46.716568682148214, 106.96195463686766, 65.3342, 22.1995, 20000000, 20000000, 2926, 3271
2024-05-28 08:20:02.937603+00:00, 45.73249114979117, 105.62582503854729, 66.8342, 22.1995, 1216826, 1682084, 2960, 3224
2024-05-28 08:20:22.965428+00:00, 45.8128690256193, 105.66504899368857, 66.8342, 22.2345, 20000000, 20000000, 2957, 3225
2024-05-28 08:20:32.995670+00:00, 46.852926150571626, 107.08085220524117, 65.3342, 22.2345, 1288404, 1789451, 2921, 3275
2024-05-28 08:20:53.024088+00:00, 46.93307280918996, 107.1217724538727, 65.3342, 22.2695, 20000000, 20000000, 2918, 3276
2024-05-28 08:21:03.051784+00:00, 45.94979515772341, 105.78051902192922, 66.8342, 22.2695, 1252615, 1682084, 2953, 3229
2024-05-28 08:21:23.081376+00:00, 46.03014201799524, 105.81989733841486, 66.8342, 22.3045, 20000000, 20000000, 2950, 3231
2024-05-28 08:21:33.110463+00:00, 47.06934152666643, 107.24114206627061, 65.3342, 22.3045, 1324193, 1789451, 2913, 3281
2024-05-28 08:21:53.139472+00:00, 47.149451919440516, 107.28223491299346, 65.3342, 22.3395, 20000000, 20000000, 2911, 3282
2024-05-28 08:22:03.171837+00:00, 46.16700024186053, 105.9358160541533, 66.8342, 22.3395, 1216826, 1682084, 2945, 3235
2024-05-28 08:22:23.200409+00:00, 46.24730788339066, 105.97534074076157, 66.8342, 22.3745, 20000000, 20000000, 2942, 3236
2024-05-28 08:22:33.229787+00:00, 47.285644516997245, 107.40210350154949, 65.3342, 22.3745, 1288404, 1789451, 2906, 3286
2024-05-28 08:22:53.257714+00:00, 47.365713378195174, 107.44336569050508, 65.3342, 22.4095, 20000000, 20000000, 2903, 3288
2024-05-28 08:23:03.290538+00:00, 46.384084763369444, 106.09169772597829, 66.8342, 22.4095, 1216826, 1717873, 2937, 3240
2024-05-28 08:23:23.318983+00:00, 46.464355361709075, 106.1313748028964, 66.8342, 22.4445, 20000000, 20000000, 2935, 3242
2024-05-28 08:23:33.351379+00:00, 47.501826985765064, 107.56373856727043, 65.3342, 22.4445, 1324193, 1789451, 2898, 3292
2024-05-28 08:23:53.380119+00:00, 47.58185908192566, 107.60518081702965, 65.3342, 22.4795, 20000000, 20000000, 2895, 3293
2024-05-28 08:24:03.409999+00:00, 46.60105339804987, 106.24818127039656, 66.8342, 22.4795, 1252615, 1682084, 2930, 3246
