DATETIME, SUN-ELEVATION, SUN-AZIMUTH, SUN-RAA, SUN-DEC, V-EL, V-AZ, GIRI-EL, GIRI-AZ
2024-05-29 10:31:02.871600+00:00, 63.97363448085951, 153.84715636276002, 66.07088739520127, 21.3202, 20000000, 20000000, 2318, 4913
2024-05-29 10:31:13.659422+00:00, 63.74816644458271, 152.44300814096368, 66.82231260479874, 21.3202, 613526, 3757847, 2326, 4864
2024-05-29 10:31:25.672952+00:00, 63.78005197530269, 152.52880514678003, 66.82235536586107, 21.3369, 20000000, 20000000, 2325, 4867
2024-05-29 10:31:28.695909+00:00, 64.02262505922388, 154.05085510086928, 66.07084463413894, 21.3369, 690216, 4064610, 2316, 4920
2024-05-29 10:31:40.724623+00:00, 64.05370099035756, 154.1393360815642, 66.07080208784026, 21.3535, 20000000, 20000000, 2315, 4924
2024-05-29 10:31:43.754372+00:00, 63.819973249271186, 152.66502376761392, 66.82239791215974, 21.3535, 613526, 3987919, 2323, 4872
2024-05-29 10:31:55.783265+00:00, 63.851774529383434, 152.7513346242781, 66.82244075632218, 21.3702, 20000000, 20000000, 2322, 4875
2024-05-29 10:31:58.816855+00:00, 64.09254546110205, 154.27890319697295, 66.07075924367783, 21.3702, 613526, 4064610, 2314, 4928
2024-05-29 10:32:10.846080+00:00, 64.12360661828045, 154.36771134591723, 66.07071635780835, 21.3869, 20000000, 20000000, 2313, 4932
2024-05-29 10:32:13.874935+00:00, 63.89163654254151, 152.8881124497232, 66.82248364219166, 21.3869, 613526, 3987919, 2321, 4880
2024-05-29 10:32:25.904460+00:00, 63.92323934043706, 152.97489658889148, 66.82252631261404, 21.4035, 20000000, 20000000, 2320, 4883
2024-05-29 10:32:28.936659+00:00, 64.16218031237929, 154.50790290158128, 66.07067368738596, 21.4035, 690216, 4064610, 2311, 4936
2024-05-29 10:32:40.966523+00:00, 64.1931317723887, 154.59711538163225, 66.0706307182877, 21.4202, 20000000, 20000000, 2310, 4940
2024-05-29 10:32:43.999658+00:00, 63.962938450515246, 153.11225984732553, 66.8225692817123, 21.4202, 613526, 3987919, 2318, 4888
2024-05-29 10:32:56.028617+00:00, 63.99452830066598, 153.19935090968917, 66.82261229258226, 21.4369, 20000000, 20000000, 2317, 4891
2024-05-29 10:32:59.062142+00:00, 64.23163131334582, 154.73784038905208, 66.07058770741774, 21.4369, 613526, 4141301, 2309, 4945
2024-05-29 10:33:11.091032+00:00, 64.2623756637426, 154.8275183479811, 66.07054491267924, 21.453500000000002, 20000000, 20000000, 2308, 4948
2024-05-29 10:33:14.123027+00:00, 64.03396410547072, 153.33734461219242, 66.82265508732077, 21.453500000000002, 613526, 4064610, 2316, 4895
2024-05-29 10:33:26.151780+00:00, 64.06544737318073, 153.42482659672896, 66.82269818154866, 21.470200000000002, 20000000, 20000000, 2315, 4899
2024-05-29 10:33:29.180948+00:00, 64.30069191416348, 154.96876111896984, 66.07050181845135, 21.470200000000002, 690216, 4141301, 2306, 4953
2024-05-29 10:33:41.209528+00:00, 64.33141884945886, 155.05876319984395, 66.07045868238687, 21.486900000000002, 20000000, 20000000, 2305, 4956
2024-05-29 10:33:44.238637+00:00, 64.10479821337029, 153.56323934855146, 66.82274131761314, 21.486900000000002, 613526, 4064610, 2313, 4903
2024-05-29 10:33:56.267806+00:00, 64.13608136836316, 153.65119780465557, 66.8227842368609, 21.503500000000003, 20000000, 20000000, 2312, 4906
2024-05-29 10:33:59.295836+00:00, 64.36945852736756, 155.2006151458051, 66.07041576313911, 21.503500000000003, 613526, 4217992, 2304, 4961
2024-05-29 10:34:11.324176+00:00, 64.40007257222375, 155.29101596933998, 66.07037254358707, 21.520200000000003, 20000000, 20000000, 2303, 4964
2024-05-29 10:34:14.337088+00:00, 64.17523981007915, 153.79002610819757, 66.82282745641294, 21.520200000000003, 613526, 4064610, 2311, 4911
2024-05-29 10:34:26.366071+00:00, 64.20650994180927, 153.87830267533113, 66.8228707178667, 21.536900000000003, 20000000, 20000000, 2310, 4914
2024-05-29 10:34:29.397939+00:00, 64.43801343857922, 155.4332546827069, 66.0703292821333, 21.536900000000003, 613526, 4217992, 2302, 4969
2024-05-29 10:34:41.426588+00:00, 64.4684193072864, 155.52413159012335, 66.07028623818246, 21.5535, 20000000, 20000000, 2300, 4972
2024-05-29 10:34:44.458611+00:00, 64.24543384974352, 154.01797070589384, 66.82291376181755, 21.5535, 613526, 4064610, 2308, 4919
2024-05-29 10:34:56.487524+00:00, 64.2765964032672, 154.10664788908662, 66.822957106889, 21.5702, 20000000, 20000000, 2307, 4922
2024-05-29 10:34:59.519997+00:00, 64.50620416919448, 155.66710565651954, 66.070242893111, 21.5702, 613526, 4217992, 2299, 4977
2024-05-29 10:35:11.548524+00:00, 64.53659020100766, 155.75831047844406, 66.07019950607246, 21.5869, 20000000, 20000000, 2298, 4980
2024-05-29 10:35:14.561347+00:00, 64.31541918651847, 154.2466510330378, 66.82300049392755, 21.5869, 613526, 4064610, 2306, 4927
2024-05-29 10:35:26.590079+00:00, 64.34637893129768, 154.33580823649748, 66.82304366277603, 21.6035, 20000000, 20000000, 2305, 4930
2024-05-29 10:35:29.620760+00:00, 64.57407281814372, 155.9017425086391, 66.07015633722398, 21.6035, 613526, 4217992, 2297, 4985
2024-05-29 10:35:41.649382+00:00, 64.60434290316861, 155.99334971070175, 66.07011286643714, 21.6202, 20000000, 20000000, 2296, 4989
2024-05-29 10:35:44.680644+00:00, 64.38505024793318, 154.47652765881753, 66.82308713356286, 21.6202, 536835, 4141301, 2303, 4935
2024-05-29 10:35:56.709001+00:00, 64.4159945668768, 154.56601377629718, 66.82313064638241, 21.6369, 20000000, 20000000, 2302, 4938
2024-05-29 10:35:59.736568+00:00, 64.6417552374998, 156.13740710405392, 66.0700693536176, 21.6369, 613526, 4294682, 2294, 4994
2024-05-29 10:36:11.765226+00:00, 64.67181236954815, 156.2294885045549, 66.0700260596762, 21.6535, 20000000, 20000000, 2293, 4997
2024-05-29 10:36:14.794624+00:00, 64.45439054263984, 154.70734611865768, 66.82317394032381, 21.6535, 613526, 4141301, 2301, 4943
2024-05-29 10:36:26.822976+00:00, 64.48522397113724, 154.7972444484574, 66.82321753702271, 21.6702, 20000000, 20000000, 2300, 4947
2024-05-29 10:36:29.852220+00:00, 64.70903898680652, 156.3741141728563, 66.0699824629773, 21.6702, 613526, 4217992, 2292, 5002
2024-05-29 10:36:41.880544+00:00, 64.7390718033359, 156.46652562844596, 66.06993882417981, 21.6869, 20000000, 20000000, 2291, 5005
2024-05-29 10:36:44.908772+00:00, 64.5235381577426, 154.93908442901403, 66.82326117582019, 21.6869, 613526, 4064610, 2299, 4952
2024-05-29 10:36:56.937184+00:00, 64.55416424996278, 155.02947380664833, 66.82330459505052, 21.703500000000002, 20000000, 20000000, 2297, 4955
2024-05-29 10:36:59.969578+00:00, 64.77601786393876, 156.6118114942415, 66.06989540494949, 21.703500000000002, 536835, 4217992, 2290, 5010
2024-05-29 10:37:11.997943+00:00, 64.80592987888863, 156.70462946474044, 66.06985168214108, 21.720200000000002, 20000000, 20000000, 2289, 5013
2024-05-29 10:37:15.026739+00:00, 64.5923041395235, 155.17193069399877, 66.82334831785893, 21.720200000000002, 536835, 4064610, 2296, 4960
2024-05-29 10:37:27.055317+00:00, 64.62291051840678, 155.26266323900794, 66.82339208283202, 21.736900000000002, 20000000, 20000000, 2295, 4963
2024-05-29 10:37:30.084986+00:00, 64.84277972598207, 156.85040189700896, 66.06980791716799, 21.736900000000002, 613526, 4294682, 2287, 5019
2024-05-29 10:37:42.113804+00:00, 64.87247445050984, 156.94370245701367, 66.069764372452, 21.753500000000003, 20000000, 20000000, 2286, 5022
2024-05-29 10:37:45.146199+00:00, 64.66077587556663, 155.40579269052878, 66.82343562754801, 21.753500000000003, 613526, 4141301, 2294, 4968
2024-05-29 10:37:57.175285+00:00, 64.69126634588292, 155.49694750633748, 66.82347947666408, 21.770200000000003, 20000000, 20000000, 2293, 4971
2024-05-29 10:38:00.205501+00:00, 64.90913853614467, 157.09009259460188, 66.06972052333593, 21.770200000000003, 613526, 4294682, 2285, 5027
2024-05-29 10:38:12.232795+00:00, 64.93880368841462, 157.18372166327407, 66.06967663198883, 21.786900000000003, 20000000, 20000000, 2284, 5030
2024-05-29 10:38:15.263248+00:00, 64.72903956341126, 155.64056439546263, 66.82352336801118, 21.786900000000003, 536835, 4141301, 2291, 4976
2024-05-29 10:38:27.291561+00:00, 64.759316000299, 155.73220450400873, 66.82356703841029, 21.8035, 20000000, 20000000, 2290, 4979
2024-05-29 10:38:30.322120+00:00, 64.97517682681546, 157.3307403811116, 66.06963296158972, 21.8035, 536835, 4294682, 2283, 5035
2024-05-29 10:38:42.336059+00:00, 65.0047026159533, 157.42466654182073, 66.06958898596709, 21.8202, 20000000, 20000000, 2282, 5039
2024-05-29 10:38:45.365440+00:00, 64.79688704380156, 155.87628643171485, 66.82361101403292, 21.8202, 536835, 4217992, 2289, 4984
2024-05-29 10:38:57.394729+00:00, 64.82714028593587, 155.9682788022307, 66.82365503195318, 21.8369, 20000000, 20000000, 2288, 4988
2024-05-29 10:39:00.424105+00:00, 65.04097634428327, 157.57218761988176, 66.06954496804683, 21.8369, 613526, 4294682, 2280, 5044
2024-05-29 10:39:12.452852+00:00, 65.0702979534826, 157.6667291516988, 66.06950117176642, 21.8535, 20000000, 20000000, 2279, 5047
2024-05-29 10:39:15.482959+00:00, 64.86444665989504, 156.11314495214768, 66.82369882823359, 21.8535, 613526, 4141301, 2287, 4993
2024-05-29 10:39:27.511873+00:00, 64.89457902393843, 156.20555157836137, 66.82374293056242, 21.8702, 20000000, 20000000, 2286, 4996
2024-05-29 10:39:30.539447+00:00, 65.10637521630063, 157.81482267722592, 66.06945706943759, 21.8702, 613526, 4294682, 2278, 5052
2024-05-29 10:39:42.567935+00:00, 65.13566663676065, 157.90971302981907, 66.0694129247443, 21.8869, 20000000, 20000000, 2277, 5056
2024-05-29 10:39:45.596532+00:00, 64.93178816755709, 156.3509004273941, 66.82378707525571, 21.8869, 536835, 4217992, 2284, 5001
2024-05-29 10:39:57.626123+00:00, 64.96170493292149, 156.4438028544287, 66.82383099761635, 21.9035, 20000000, 20000000, 2283, 5004
2024-05-29 10:40:00.655465+00:00, 65.17145320323527, 158.0584698931596, 66.06936900238365, 21.9035, 536835, 4371373, 2276, 5061
2024-05-29 10:40:12.684216+00:00, 65.20061862349475, 158.1537839382755, 66.06932477314827, 21.9202, 20000000, 20000000, 2275, 5064
2024-05-29 10:40:15.715731+00:00, 64.99873063138044, 156.58978181841997, 66.82387522685174, 21.9202, 536835, 4217992, 2282, 5009
2024-05-29 10:40:27.744027+00:00, 65.02861926623625, 156.6830183179761, 66.82391949851868, 21.9369, 20000000, 20000000, 2281, 5013
2024-05-29 10:40:30.774154+00:00, 65.23630693247573, 158.3030839458004, 66.06928050148133, 21.9369, 536835, 4294682, 2274, 5069
2024-05-29 10:40:42.803292+00:00, 65.2652498902869, 158.3988913496816, 66.06923645284078, 21.953500000000002, 20000000, 20000000, 2273, 5073
2024-05-29 10:40:45.835863+00:00, 65.06536192934433, 156.82967618416663, 66.82396354715922, 21.953500000000002, 536835, 4217992, 2280, 5018
2024-05-29 10:40:57.865143+00:00, 65.09512927027465, 156.9233395991019, 66.82400790350228, 21.970200000000002, 20000000, 20000000, 2279, 5021
2024-05-29 10:41:00.896851+00:00, 65.30074424312134, 158.5488143540484, 66.06919209649773, 21.970200000000002, 613526, 4371373, 2271, 5078
2024-05-29 10:41:12.926066+00:00, 65.32965586631255, 158.64498033456618, 66.0691476976558, 21.986900000000002, 20000000, 20000000, 2270, 5081
2024-05-29 10:41:15.955905+00:00, 65.13177474764969, 157.07050490852038, 66.82405230234421, 21.986900000000002, 536835, 4217992, 2277, 5026
2024-05-29 10:41:27.984614+00:00, 65.16132299941, 157.164653461207, 66.82409647746506, 22.003500000000003, 20000000, 20000000, 2276, 5030
2024-05-29 10:41:31.017901+00:00, 65.36485333901761, 158.79554614675078, 66.06910352253495, 22.003500000000003, 536835, 4371373, 2269, 5087
2024-05-29 10:41:43.031297+00:00, 65.39362018222482, 158.89199632436979, 66.06905903888237, 22.020200000000003, 20000000, 20000000, 2268, 5090
2024-05-29 10:41:46.060548+00:00, 65.19775944004537, 157.31227722628412, 66.82414096111764, 22.020200000000003, 536835, 4217992, 2275, 5035
