DATETIME, SUN-ELEVATION, SUN-AZIMUTH, SUN-RAA, SUN-DEC, V-EL, V-AZ, GIRI-EL, GIRI-AZ
2024-05-29 09:02:29.204200+00:00, 53.31216370932727, 120.02566694240123, 65.58971026827436, 21.1721, 20000000, 20000000, 2691, 3728
2024-05-29 09:02:40.023369+00:00, 52.35136374914557, 118.21010908894198, 67.19828973172565, 21.1721, 1216826, 2254708, 2725, 3665
2024-05-29 09:03:00.037366+00:00, 52.42905547283804, 118.2674034207616, 67.1984802193099, 21.2071, 20000000, 20000000, 2722, 3667
2024-05-29 09:03:03.060578+00:00, 53.424623628136665, 120.15534777096447, 65.58951978069011, 21.2071, 1252615, 2362075, 2687, 3733
2024-05-29 09:03:23.090791+00:00, 53.50200186698082, 120.21672343149801, 65.58932890251529, 21.242099999999997, 20000000, 20000000, 2685, 3735
2024-05-29 09:03:26.122265+00:00, 52.52237986947062, 118.35390170984006, 67.19867109748472, 21.242099999999997, 1216826, 2326286, 2719, 3670
2024-05-29 09:03:46.152040+00:00, 52.60006079218671, 118.4115464116441, 67.19886236667074, 21.277099999999997, 20000000, 20000000, 2716, 3672
2024-05-29 09:03:49.184623+00:00, 53.59469525649783, 120.30844118282754, 65.58913763332927, 21.277099999999997, 1252615, 2362075, 2681, 3738
2024-05-29 09:04:09.214900+00:00, 53.67201666992083, 120.370137142484, 65.58894597271038, 21.312099999999997, 20000000, 20000000, 2679, 3741
2024-05-29 09:04:12.247555+00:00, 52.69333963870553, 118.4984921260139, 67.19905402728963, 21.312099999999997, 1216826, 2362075, 2713, 3675
2024-05-29 09:04:32.277134+00:00, 52.77096830150036, 118.55641474787537, 67.19924607976421, 21.347099999999998, 20000000, 20000000, 2710, 3677
2024-05-29 09:04:35.309760+00:00, 53.76463129288887, 120.46231345432516, 65.5887539202358, 21.347099999999998, 1252615, 2397864, 2675, 3744
2024-05-29 09:04:55.340022+00:00, 53.84189503260235, 120.52433312896589, 65.58856147548168, 21.382099999999998, 20000000, 20000000, 2673, 3746
2024-05-29 09:04:58.372888+00:00, 52.8641744103775, 118.64376339919818, 67.19943852451833, 21.382099999999998, 1216826, 2362075, 2707, 3680
2024-05-29 09:05:18.402210+00:00, 52.94175043418213, 118.70196757793298, 67.19963136197701, 21.417099999999998, 20000000, 20000000, 2704, 3682
2024-05-29 09:05:21.432524+00:00, 53.934421412505465, 120.61695632394797, 65.588368638023, 21.417099999999998, 1216826, 2397864, 2670, 3749
2024-05-29 09:05:41.461973+00:00, 54.01162472614031, 120.67929957198442, 65.58817540743367, 21.452099999999998, 20000000, 20000000, 2667, 3751
2024-05-29 09:05:44.475327+00:00, 53.03482461888679, 118.78961351157213, 67.19982459256634, 21.452099999999998, 1216826, 2362075, 2701, 3685
2024-05-29 09:06:04.491469+00:00, 53.11231459363616, 118.84804035996899, 67.20001821671354, 21.487099999999998, 20000000, 20000000, 2698, 3687
2024-05-29 09:06:07.521013+00:00, 54.103983563445304, 120.77221788412184, 65.58798178328647, 21.487099999999998, 1216826, 2433653, 2664, 3755
2024-05-29 09:06:27.551002+00:00, 54.181129076759724, 120.83489526150272, 65.58778776515308, 21.5221, 20000000, 20000000, 2661, 3757
2024-05-29 09:06:30.580852+00:00, 53.20535630506762, 118.93617744109422, 67.20021223484693, 21.5221, 1216826, 2397864, 2695, 3690
2024-05-29 09:06:50.596349+00:00, 53.282792053875816, 118.99489199904022, 67.20040664739591, 21.5571, 20000000, 20000000, 2692, 3692
2024-05-29 09:06:53.630054+00:00, 54.27345399347372, 120.92838368235078, 65.5875933526041, 21.5571, 1216826, 2433653, 2658, 3760
2024-05-29 09:07:13.659274+00:00, 54.35053747398238, 120.99139308867602, 65.58739854520896, 21.5921, 20000000, 20000000, 2655, 3762
2024-05-29 09:07:16.693131+00:00, 53.37577777432714, 119.08348344462394, 67.20060145479106, 21.5921, 1216826, 2397864, 2689, 3695
2024-05-29 09:07:36.722700+00:00, 53.453196418942184, 119.14256237525306, 67.20079665746402, 21.6271, 20000000, 20000000, 2686, 3697
2024-05-29 09:07:39.753867+00:00, 54.442815877150004, 121.08543596801745, 65.58720334253599, 21.6271, 1216826, 2469442, 2652, 3766
2024-05-29 09:07:59.783755+00:00, 54.51983998652053, 121.14878948553174, 65.58700774415243, 21.6621, 20000000, 20000000, 2649, 3768
2024-05-29 09:08:02.814469+00:00, 53.54609349561355, 119.23155359454019, 67.20099225584758, 21.6621, 1216826, 2397864, 2683, 3701
2024-05-29 09:08:22.843515+00:00, 53.623456943607394, 119.29093017146965, 67.20118825037567, 21.6971, 20000000, 20000000, 2680, 3703
2024-05-29 09:08:25.859820+00:00, 54.61198521817683, 121.24321969904551, 65.58681174962435, 21.6971, 1216826, 2433653, 2646, 3771
2024-05-29 09:08:45.887807+00:00, 54.68894267328457, 121.30690894777214, 65.58661535851674, 21.7321, 20000000, 20000000, 2643, 3773
2024-05-29 09:08:48.917719+00:00, 53.71623241755706, 119.3802647582787, 67.20138464148327, 21.7321, 1216826, 2397864, 2677, 3706
2024-05-29 09:09:08.947325+00:00, 53.793542654848, 119.43994853202948, 67.2015814296066, 21.7671, 20000000, 20000000, 2674, 3708
2024-05-29 09:09:11.977264+00:00, 54.7810336779214, 121.40189609591148, 65.5864185703934, 21.7671, 1216826, 2469442, 2640, 3777
2024-05-29 09:09:32.005973+00:00, 54.85793025185449, 121.46593980017812, 65.5862213848171, 21.8021, 20000000, 20000000, 2637, 3779
2024-05-29 09:09:35.040252+00:00, 53.88628813238119, 119.52981115865674, 67.20177861518292, 21.8021, 1216826, 2433653, 2671, 3711
2024-05-29 09:09:55.070245+00:00, 53.96354381061004, 119.58980568219155, 67.20197619865064, 21.8371, 20000000, 20000000, 2668, 3713
2024-05-29 09:09:58.099626+00:00, 54.94994295561323, 121.56144404286266, 65.58602380134937, 21.8371, 1216826, 2469442, 2634, 3782
2024-05-29 09:10:18.129272+00:00, 55.02677851628119, 121.62584873734927, 65.58582581955066, 21.8721, 20000000, 20000000, 2631, 3784
2024-05-29 09:10:21.161699+00:00, 54.056206600813596, 119.680102366813, 67.20217418044935, 21.8721, 1216826, 2433653, 2665, 3716
2024-05-29 09:10:41.191702+00:00, 54.13340588669648, 119.74040979888203, 67.20237256101971, 21.9071, 20000000, 20000000, 2663, 3718
2024-05-29 09:10:44.223728+00:00, 55.11870356665581, 121.72185970406278, 65.5856274389803, 21.9071, 1252615, 2505231, 2628, 3788
2024-05-29 09:11:04.253430+00:00, 55.19547537250796, 121.78662626089775, 65.58542865919641, 21.9421, 20000000, 20000000, 2625, 3790
2024-05-29 09:11:07.285887+00:00, 54.22599561642883, 119.83116689276476, 67.2025713408036, 21.9421, 1216826, 2433653, 2659, 3722
2024-05-29 09:11:27.315072+00:00, 54.30313558759234, 119.89178700907033, 67.20277052024397, 21.9771, 20000000, 20000000, 2657, 3724
2024-05-29 09:11:30.345711+00:00, 55.287304603774786, 121.8831354784481, 65.58522947975604, 21.9771, 1252615, 2505231, 2622, 3794
2024-05-29 09:11:50.375953+00:00, 55.364013410304885, 121.94827177260946, 65.58502990021505, 22.0121, 20000000, 20000000, 2619, 3796
2024-05-29 09:11:53.406856+00:00, 54.39563820979558, 119.9829842053412, 67.20297009978496, 22.0121, 1216826, 2469442, 2653, 3727
2024-05-29 09:12:13.436538+00:00, 54.472721485641046, 120.0439273992695, 67.20317007987182, 22.0471, 20000000, 20000000, 2651, 3729
2024-05-29 09:12:16.468539+00:00, 55.45575231721468, 122.0452990769798, 65.58482992012819, 22.0471, 1252615, 2505231, 2616, 3799
2024-05-29 09:12:36.497909+00:00, 55.532394207360944, 122.11080304233509, 65.58462953904899, 22.0821, 20000000, 20000000, 2614, 3801
2024-05-29 09:12:39.513167+00:00, 54.56510380002349, 120.13550554698085, 67.20337046095102, 22.0821, 1181037, 2469442, 2647, 3732
2024-05-29 09:12:59.542561+00:00, 54.64212777705522, 120.19677159454764, 67.20357124347011, 22.117099999999997, 20000000, 20000000, 2645, 3734
2024-05-29 09:13:02.574416+00:00, 55.6240015081868, 122.2082691760228, 65.5844287565299, 22.117099999999997, 1252615, 2541020, 2610, 3805
2024-05-29 09:13:22.591055+00:00, 55.70054674353674, 122.27408331680957, 65.5842275721222, 22.152099999999997, 20000000, 20000000, 2608, 3807
2024-05-29 09:13:25.604870+00:00, 54.734391226603044, 120.28873945502997, 67.20377242787781, 22.152099999999997, 1181037, 2469442, 2641, 3738
