DATE	RAA	DEC	ELEVATION	AZIMUTH	GIRI-EL	GIRI-AZ	V-EL	V-AZ
2024-08-21T11:13:55	55.03745042009252	173.4895247353539	149.9293371445481	11.2385	20000000	20000000	-828.2549579907482	11606.047526464608
2024-08-21T11:14:39	54.9113833794753	171.20616559475775	151.45866285545188	11.2385	451181	8171919	-840.8616620524695	11834.383440524225
2024-08-21T11:14:40	54.931707302302435	171.20944724140364	151.45871594326047	11.2585	20000000	20000000	-838.8292697697566	11834.055275859635
2024-08-21T11:14:55	55.07677446587998	173.9209849735287	149.9292840567395	11.2585	519181	9704328	-824.322553412002	11562.90150264713
2024-08-21T11:14:56	55.097037031240156	173.92576451139823	149.92923086836774	11.278500000000001	20000000	20000000	-822.2962968759844	11562.423548860177
2024-08-21T11:15:11	54.96521789943199	171.42617091832003	151.45876913163224	11.278500000000001	471767	8945801	-835.4782100568009	11812.382908167998
2024-08-21T11:15:13	54.98554337055481	171.42965981127534	151.4588224206011	11.2985	20000000	20000000	-833.4456629445194	11812.034018872466
2024-08-21T11:15:28	55.12637277052056	174.1454477102835	149.92917757939887	11.2985	504014	9719539	-819.3627229479439	11540.455228971652
2024-08-21T11:15:29	55.146628204073146	174.15033920921218	149.92912418979884	11.3185	20000000	20000000	-817.3371795926855	11539.966079078782
2024-08-21T11:15:44	55.01872032409893	171.64686495512746	151.45887581020114	11.3185	457769	8959689	-830.1279675901069	11790.313504487254
2024-08-21T11:15:45	55.03904014148898	171.6504486282777	151.45892930046637	11.3385	20000000	20000000	-828.0959858511019	11789.95513717223
2024-08-21T11:16:00	55.17561436272556	174.370377406325	149.9290706995336	11.3385	488785	9734359	-814.438563727444	11517.962259367501
2024-08-21T11:16:01	55.19586145448939	174.3753553525504	149.92901710856896	11.358500000000001	20000000	20000000	-812.4138545510609	11517.46446474496
2024-08-21T11:16:16	55.07187636430764	171.86803513414398	151.45898289143102	11.358500000000001	443730	8973454	-824.8123635692359	11768.196486585603
2024-08-21T11:16:17	55.09219085442018	171.87172179382	151.45903658312926	11.3785	20000000	20000000	-822.7809145579818	11767.827820618
2024-08-21T11:16:32	55.2244983108165	174.59577602085363	149.92896341687072	11.3785	473515	9749124	-809.5501689183502	11495.422397914637
2024-08-21T11:16:33	55.24473783088327	174.60086348590363	149.92890962440455	11.3985	20000000	20000000	-807.5262169116731	11494.913651409637
2024-08-21T11:16:48	55.124688467097506	172.0897423805111	151.45909037559542	11.3985	429644	8987057	-819.5311532902492	11746.025761948891
2024-08-21T11:16:49	55.144997303988035	172.0935293121806	151.45914426886384	11.4185	20000000	20000000	-817.5002696011966	11745.647068781938
2024-08-21T11:17:04	55.273025032539195	174.82168287413472	149.92885573113614	11.4185	458198	9763795	-804.6974967460806	11472.831712586529
2024-08-21T11:17:05	55.29325676014573	174.82687888281276	149.928801737031	11.438500000000001	20000000	20000000	-802.6743239854268	11472.312111718724
2024-08-21T11:17:20	55.17715343535571	172.31195127939569	151.45919826296898	11.438500000000001	415522	9000680	-814.2846564644287	11723.804872060431
2024-08-21T11:17:21	55.19745646922524	172.31583868280723	151.45925235794536	11.4585	20000000	20000000	-812.2543530774765	11723.416131719277
2024-08-21T11:17:36	55.32119190017528	175.04805752726307	149.92874764205462	11.4585	442837	9778344	-799.8808099824719	11450.194247273692
2024-08-21T11:17:37	55.34141557513205	175.0533597392736	149.92869344617242	11.4785	20000000	20000000	-797.8584424867954	11449.664026072642
2024-08-21T11:17:52	55.229271085884086	172.5346791250226	151.45930655382756	11.4785	401354	9014111	-809.0728914115912	11701.53208749774
2024-08-21T11:17:53	55.249568115395704	172.5386662279794	151.45936085065017	11.4985	20000000	20000000	-807.0431884604295	11701.133377202059
2024-08-21T11:18:08	55.3689992793748	175.27494174596396	149.9286391493498	11.4985	427432	9792862	-795.1000720625202	11427.505825403605
2024-08-21T11:18:09	55.389214542043774	175.2803445413033	149.928584751552	11.5185	20000000	20000000	-793.0785457956226	11426.96554586967
2024-08-21T11:18:24	55.28103985763252	172.75791855658704	151.45941524844798	11.5185	387146	9027516	-803.8960142367478	11679.208144341295
2024-08-21T11:18:25	55.30133092261165	172.76200921764638	151.45946974725575	11.5385	20000000	20000000	-801.8669077388354	11678.799078235363
2024-08-21T11:18:40	55.41644488623199	175.50230243643955	149.92853025274422	11.5385	411981	9807241	-790.3555113768007	11404.769756356045
2024-08-21T11:18:41	55.43665185055645	175.50781429951522	149.92847565289165	11.5585	20000000	20000000	-788.334814944355	11404.218570048477
2024-08-21T11:18:56	55.332460627401574	172.98171060668963	151.45952434710833	11.5585	372890	9040678	-798.7539372598426	11656.828939331037
2024-08-21T11:18:57	55.35274551161969	172.9859039570823	151.45957904804067	11.5785	20000000	20000000	-796.7254488380313	11656.409604291772
2024-08-21T11:19:12	55.46352862741366	175.7301726963592	149.9284209519593	11.5785	396481	9821469	-785.6471372586343	11381.98273036408
2024-08-21T11:19:13	55.483727087777105	175.7357929780272	149.92836614991222	11.5985	20000000	20000000	-783.6272912222894	11381.42070219728
2024-08-21T11:19:28	55.383528452530555	173.20598054073446	151.45963385008776	11.5985	358601	9053951	-793.6471547469446	11634.401945926555
2024-08-21T11:19:29	55.403806908821984	173.21027495932512	151.45968875328467	11.618500000000001	20000000	20000000	-791.6193091178015	11633.97250406749
2024-08-21T11:19:45	55.51024635871978	175.95845093918655	149.9283112467153	11.618500000000001	380936	9835453	-780.9753641280217	11359.154906081345
2024-08-21T11:19:46	55.53043608825786	175.9641780970408	149.92825624233342	11.6385	20000000	20000000	-778.9563911742143	11358.582190295921
2024-08-21T11:20:01	55.434243275571475	173.43074900452285	151.45974375766656	11.6385	344264	9066895	-788.5756724428525	11611.925099547716
2024-08-21T11:20:02	55.454515513404516	173.43515272587024	151.45979886326862	11.6585	20000000	20000000	-786.5484486595483	11611.484727412975
2024-08-21T11:20:17	55.55660056511148	176.18725947581953	149.92820113673136	11.6585	365352	9849521	-776.339943488852	11336.274052418048
2024-08-21T11:20:18	55.57678130057735	176.1930908024186	149.9281459298738	11.6785	20000000	20000000	-774.321869942265	11335.69091975814
2024-08-21T11:20:33	55.484604249554486	173.65602238788765	151.45985407012617	11.6785	329892	9079920	-783.5395750445514	11589.397761211236
2024-08-21T11:20:34	55.50486621929737	173.66044909094427	151.45990937827452	11.698500000000001	20000000	20000000	-781.5133780702631	11588.955090905572
2024-08-21T11:20:49	55.602584891279776	176.4164010646915	149.92809062172546	11.698500000000001	349725	9863282	-771.7415108720224	11313.35989353085
2024-08-21T11:20:50	55.622756541820465	176.42234012364028	149.92803521225085	11.7185	20000000	20000000	-769.7243458179537	11312.765987635972
2024-08-21T11:21:05	55.534605753376674	173.88169743068465	151.45996478774913	11.7185	315483	9092712	-778.5394246623327	11566.830256931535
2024-08-21T11:21:06	55.55486411330785	173.88630065989142	151.46002029858545	11.7385	20000000	20000000	-776.5135886692151	11566.369934010858
2024-08-21T11:21:21	55.64820420810231	176.64610321751164	149.92797970141453	11.7385	334055	9877063	-767.1795791897694	11290.389678248837
2024-08-21T11:21:22	55.66836647293305	176.65214628438054	149.92792408918086	11.7585	20000000	20000000	-765.1633527066947	11289.785371561946
2024-08-21T11:21:37	55.584253984069484	174.10794129174982	151.4600759108191	11.7585	301030	9105461	-773.5746015930517	11544.205870825019
2024-08-21T11:21:38	55.60450537330514	174.11265051723538	151.46013162448574	11.778500000000001	20000000	20000000	-771.5494626694863	11543.734948276462
2024-08-21T11:21:53	55.69345405294529	176.87623526225843	149.92786837551424	11.778500000000001	318338	9890599	-762.654594705471	11267.376473774157
2024-08-21T11:21:54	55.713606750479805	176.88238343742464	149.92781256037895	11.7985	20000000	20000000	-760.6393249520197	11266.761656257537
2024-08-21T11:22:09	55.63354390721822	174.33466641259218	151.46018743962102	11.7985	286537	9118030	-768.6456092781782	11521.53335874078
2024-08-21T11:22:10	55.65378808729578	174.339481394314	151.46024335626072	11.8185	20000000	20000000	-766.6211912704221	11521.051860568601
2024-08-21T11:22:25	55.73833443655818	177.10684735702	149.92775664373926	11.8185	302583	9904132	-758.1665563441816	11244.315264298
2024-08-21T11:22:26	55.758477413120346	177.11310408708107	149.92770062555923	11.8385	20000000	20000000	-756.1522586879655	11243.689591291894
2024-08-21T11:22:41	55.68247594792238	174.56191461238748	151.46029937444075	11.8385	272001	9130458	-763.7524052077624	11498.808538761252
2024-08-21T11:22:42	55.70271284706634	174.56683988220044	151.460355494197	11.858500000000001	20000000	20000000	-761.7287152933663	11498.316011779956
2024-08-21T11:22:57	55.78284379318404	177.33792409257828	149.927644505803	11.858500000000001	286780	9917439	-753.7156206815957	11221.207590742171
2024-08-21T11:22:58	55.802976754815575	177.344286690125	149.9275882844345	11.8785	20000000	20000000	-751.7023245184428	11220.571330987501
2024-08-21T11:23:13	55.73104816788961	174.78967125248235	151.46041171556547	11.8785	257425	9142719	-758.8951832110388	11476.032874751765
2024-08-21T11:23:14	55.75127721145011	174.79469844592734	151.4604680385822	11.8985	20000000	20000000	-756.872278854989	11475.530155407267
2024-08-21T11:23:29	55.82697853836396	177.56932667117	149.92753196141777	11.8985	270927	9930123	-749.302146163604	11198.067332883002
2024-08-21T11:23:30	55.84710133773953	177.5758004588726	149.9274755367166	11.9185	20000000	20000000	-747.2898662260468	11197.419954112738
2024-08-21T11:23:45	55.77925287052577	175.0177542381237	151.46052446328338	11.9185	242823	9154997	-754.0747129474234	11453.22457618763
2024-08-21T11:23:46	55.79947399922097	175.02288868298882	151.4605809897052	11.938500000000001	20000000	20000000	-752.0526000779028	11452.711131701119
2024-08-21T11:24:01	55.87074143874046	177.8012739720074	149.92741901029478	11.938500000000001	255059	9943569	-744.9258561259539	11174.87260279926
2024-08-21T11:24:02	55.89085379460656	177.80785836935328	149.92736238211606	11.9585	20000000	20000000	-742.9146205393445	11174.214163064673
2024-08-21T11:24:18	55.827098798696404	175.24644256418722	151.46063761788392	11.9585	228172	9167057	-749.2901201303594	11430.355743581278
2024-08-21T11:24:19	55.84731169596881	175.25168323724387	151.4606943478559	11.9785	20000000	20000000	-747.268830403119	11429.831676275613
2024-08-21T11:24:34	55.91412952508552	178.03367124268138	149.92730565214407	11.9785	239134	9956463	-740.5870474914477	11151.632875731862
2024-08-21T11:24:35	55.93423117505438	178.04036669545974	149.92724882034236	11.9985	20000000	20000000	-738.5768824945621	11150.963330454026
2024-08-21T11:24:50	55.87458031035368	175.4756170543917	151.46075117965762	11.9985	213484	9178988	-744.5419689646324	11407.43829456083
2024-08-21T11:24:51	55.894784725539	175.48096474479297	151.4608081133255	12.0185	20000000	20000000	-742.5215274461002	11406.903525520702
2024-08-21T11:25:06	55.957141812021405	178.26653835003535	149.92719188667448	12.0185	223169	9969295	-736.2858187978595	11128.346164996467
2024-08-21T11:25:07	55.977232430647746	178.27334023651707	149.92713485110383	12.0385	20000000	20000000	-734.2767569352254	11127.665976348293
2024-08-21T11:25:22	55.92169754511553	175.70532640601215	151.46086514889615	12.0385	198753	9190670	-739.8302454884474	11384.467359398786
2024-08-21T11:25:23	55.94189337601103	175.7107870059109	151.4609222864062	12.0585	20000000	20000000	-737.810662398897	11383.92129940891
2024-08-21T11:25:38	55.99977665452617	178.49984485335912	149.92707771359377	12.0585	207158	9981765	-732.0223345473828	11105.015514664088
2024-08-21T11:25:39	56.01985606749242	178.50676035219254	149.9270204741076	12.0785	20000000	20000000	-730.0143932507581	11104.323964780746
2024-08-21T11:25:54	55.96844589284296	175.93546239305465	151.46097952589238	12.0785	183991	9202424	-735.1554107157044	11361.453760694534
2024-08-21T11:25:55	55.98863267052785	175.94102934654762	151.46103686739147	12.0985	20000000	20000000	-733.136732947215	11360.897065345238
2024-08-21T11:26:10	56.04203256427312	178.73355545584334	149.9269631326085	12.0985	191113	9994178	-727.7967435726878	11081.644454415666
2024-08-21T11:26:11	56.062100433046766	178.74057580488366	149.92690568905968	12.118500000000001	20000000	20000000	-725.7899566953233	11080.942419511633
2024-08-21T11:26:26	56.0148253707863	176.166063879529	151.4610943109403	12.118500000000001	169192	9213926	-730.5174629213702	11338.3936120471
2024-08-21T11:26:27	56.03500283519874	176.17173693396774	151.46115185657584	12.1385	20000000	20000000	-728.4997164801262	11337.826306603227
2024-08-21T11:26:42	56.08390872291128	178.96769542470335	149.92684814342414	12.1385	175029	10006462	-723.6091277088717	11058.230457529666
2024-08-21T11:26:43	56.10396486674126	178.9748267387289	149.9267904956649	12.1585	20000000	20000000	-721.6035133258742	11057.51732612711
2024-08-21T11:26:58	56.060835132857335	176.3971447098398	151.46120950433507	12.1585	154357	9225272	-725.9164867142663	11315.285529016019
2024-08-21T11:26:59	56.08100317252702	176.40292898301473	151.46126725425506	12.1785	20000000	20000000	-723.8996827472979	11314.707101698526
2024-08-21T11:27:14	56.12540408865672	179.20227730718963	149.9267327457449	12.1785	158906	10018594	-719.4595911343276	11034.772269281037
2024-08-21T11:27:15	56.145448279593126	179.2095203995372	149.92667489362702	12.198500000000001	20000000	20000000	-717.4551720406876	11034.047960046279
2024-08-21T11:27:30	56.1064739308787	176.6287045136289	151.46132510637295	12.198500000000001	139485	9236488	-721.3526069121299	11292.129548637111
2024-08-21T11:27:31	56.1266323636038	176.63460248619012	151.46138306072598	12.2185	20000000	20000000	-719.3367636396201	11291.539751380988
2024-08-21T11:27:46	56.16651747021113	179.43729263719834	149.926616939274	12.2185	142744	10030554	-715.3482529788866	11011.270736280167
2024-08-21T11:27:47	56.18654950226631	179.44465160150517	149.92655888264852	12.2385	20000000	20000000	-713.3450497733688	11010.534839849483
2024-08-21T11:28:02	56.151740669673764	176.86074883388952	151.46144111735146	12.2385	124577	9247535	-716.8259330326237	11268.925116611048
2024-08-21T11:28:03	56.17188913722915	176.86675470163144	151.4614992762867	12.2585	20000000	20000000	-714.811086277085	11268.324529836857
2024-08-21T11:28:18	56.20724779468619	179.6727545578307	149.92650072371327	12.2585	126545	10042399	-711.2752205313809	10987.72454421693
2024-08-21T11:28:19	56.22726742805957	179.6802218552516	149.92644246243083	12.278500000000001	20000000	20000000	-709.2732571940433	10986.97781447484
2024-08-21T11:28:34	56.19663389439221	177.09326602103718	151.46155753756915	12.278500000000001	109634	9258462	-712.3366105607793	11245.673397896282
2024-08-21T11:28:35	56.21677217649826	177.09937867726035	151.46161590123634	12.2985	20000000	20000000	-710.3227823501738	11245.062132273964
2024-08-21T11:28:50	56.247593888421164	179.90863143318205	149.92638409876363	12.2985	110307	10054041	-707.2406111578834	10964.136856681795
2024-08-21T11:28:52	56.267600938401365	179.91620840831843	149.92632563267412	12.3185	20000000	20000000	-705.2399061598635	10963.379159168158
2024-08-21T11:29:07	56.24115210917369	177.32623705014018	151.46167436732586	12.3185	94657	9269254	-707.884789082631	11222.376294985981
2024-08-21T11:29:08	56.2612801442194	177.33246295307967	151.46173293587535	12.3385	20000000	20000000	-705.87198557806	11221.753704692033
2024-08-21T11:29:23	56.28755476069379	180.14492523296192	149.92626706412463	12.3385	94034	10065527	-703.2445239306212	10940.507476703808
2024-08-21T11:29:24	56.30754915793284	180.1525066374297	149.92620839307745	12.358500000000001	20000000	20000000	-701.245084206716	10939.749336257031
2024-08-21T11:29:39	56.28529263392767	177.55956425216885	151.46179160692253	12.358500000000001	79653	9279887	-703.4707366072334	11199.043574783114
2024-08-21T11:29:40	56.30541015681819	177.56589866867395	151.46185038050518	12.3785	20000000	20000000	-701.4589843181811	11198.410133132606
2024-08-21T11:29:55	56.32712969086768	180.38153290657755	149.9261496194948	12.3785	77732	10076879	-699.2870309132322	10916.846709342244
2024-08-21T11:29:56	56.34711099697712	180.38934793145225	149.92609074333876	12.3985	20000000	20000000	-697.2889003022879	10916.065206854775
2024-08-21T11:30:11	56.32905833687587	177.79347249943422	151.46190925666122	12.3985	64608	9290384	-699.0941663124131	11175.652750056579
2024-08-21T11:30:12	56.349165196046116	177.7999168734249	151.46196823542857	12.4185	20000000	20000000	-697.0834803953885	11175.008312657508
2024-08-21T11:30:27	56.36631723976159	180.61867849947905	149.9260317645714	12.4185	61385	10088072	-695.3682760238407	10893.132150052095
2024-08-21T11:30:28	56.386285429693814	180.62659928724625	149.9259726831547	12.438500000000001	20000000	20000000	-693.3714570306188	10892.340071275376
2024-08-21T11:30:43	56.37244420646089	178.0277135280469	151.46202731684528	12.438500000000001	49536	9301158	-694.7555793539109	11152.228647195312
2024-08-21T11:30:44	56.39254027108281	178.03426997109943	151.46208650094937	12.4585	20000000	20000000	-692.7459728917192	11151.573002890056
2024-08-21T11:30:59	56.40511745308575	180.85608568010997	149.9259134990506	12.4585	45012	10099002	-691.488254691425	10869.391431989003
2024-08-21T11:31:00	56.42507235049134	180.86411822236505	149.92585421222088	12.4785	20000000	20000000	-689.4927649508659	10868.588177763495
2024-08-21T11:31:15	56.415452259544615	178.26249218627774	151.4621457877791	12.4785	34429	9310965	-690.4547740455387	11128.750781372226
2024-08-21T11:31:16	56.43553741079763	178.26916523582452	151.46220517737262	12.4985	20000000	20000000	-688.4462589202371	11128.083476417549
2024-08-21T11:31:31	56.443527884470875	181.09404859485034	149.92579482262735	12.4985	28597	10109981	-687.6472115529127	10845.595140514966
2024-08-21T11:31:32	56.46346929647513	181.10219552064441	149.92573533023167	12.5185	20000000	20000000	-685.6530703524868	10844.780447935558
2024-08-21T11:31:47	56.45808056024796	178.49775978027475	151.4622646697683	12.5185	19285	9321021	-686.1919439752041	11105.224021972524
2024-08-21T11:31:48	56.478154530557845	178.5045411792067	151.4623242650045	12.5385	20000000	20000000	-684.1845469442155	11104.545882079328
2024-08-21T11:32:03	56.481549240566444	181.33230619176226	149.92567573499548	12.5385	12149	10120294	-683.8450759433554	10821.769380823775
2024-08-21T11:32:04	56.50147702430888	181.34056494868335	149.92561603688029	12.5585	20000000	20000000	-681.8522975691117	10820.943505131665
2024-08-21T11:32:19	56.50032653782979	178.73335889347118	151.4623839631197	12.5585	4117	9330935	-681.9673462170208	11081.664110652882
2024-08-21T11:32:20	56.520389208691	178.7402519412869	151.46244376415243	12.5785	20000000	20000000	-679.9610791309001	11080.974805871308
2024-08-21T11:32:35	56.519178786475756	181.57107372017484	149.92555623584755	12.5785	4331	10131234	-680.0821213524246	10797.892627982517
2024-08-21T11:32:36	56.53909273069093	181.57944822276633	149.9254963318587	12.5985	20000000	20000000	-678.0907269309068	10797.055177723367
2024-08-21T11:32:51	56.54219133450138	178.96951421371887	151.46250366814127	12.5985	11089	9340698	-677.7808665498619	11058.048578628113
2024-08-21T11:32:52	56.562242508905065	178.97651496982348	151.4625636751249	12.618500000000001	20000000	20000000	-675.7757491094935	11057.348503017653
2024-08-21T11:33:07	56.55641643068945	181.81023922886473	149.92543632487508	12.618500000000001	20850	10141622	-676.3583569310549	10773.976077113526
2024-08-21T11:33:08	56.576316428641235	181.81872391370194	149.92537621485786	12.6385	20000000	20000000	-674.3683571358765	10773.127608629806
2024-08-21T11:33:23	56.58367273353003	179.20610366420675	151.4626237851421	12.6385	26327	9350312	-673.6327266469971	11034.389633579325
2024-08-21T11:33:24	56.60371231143153	179.21322161670042	151.46268399823168	12.6585	20000000	20000000	-671.6287688568473	11033.677838329957
2024-08-21T11:33:39	56.593261223076254	182.0498029298548	149.9253160017683	12.6585	37403	10151847	-672.6738776923744	10750.01970701452
2024-08-21T11:33:40	56.6131469854679	182.05840706260884	149.9252556855674	12.6785	20000000	20000000	-670.6853014532098	10749.159293739116
2024-08-21T11:33:56	56.624769828198524	179.44314407944626	151.46274431443257	12.6785	41597	9359770	-669.5230171801477	11010.685592055375
2024-08-21T11:33:57	56.6447976296374	179.45038033622828	151.4628047337837	12.698500000000001	20000000	20000000	-667.5202370362599	11009.961966377172
2024-08-21T11:34:12	56.629711930690725	182.28978202212022	149.92519526621626	12.698500000000001	53990	10161941	-669.0288069309277	10726.021797787978
2024-08-21T11:34:13	56.649583355387456	182.29849994708306	149.9251347436758	12.7185	20000000	20000000	-667.0416644612542	10725.150005291694
2024-08-21T11:34:28	56.66548154378612	179.68063211339387	151.46286525632416	12.7185	56898	9369093	-665.4518456213877	10986.936788660612
